,Atf3(+),Atf5(+),Bcl11b(+),Bhlhe41(+),Cebpa(+),Ckmt1(+),Dbp(+),Ddit3(+),Ebf1(+),Egr1(+),Elf5(+),Ets1(+),Ezh2(+),Fosb(+),Foxq1(+),Gata6(+),Hes1(+),Hivep3(+),Id1(+),Ikzf2(+),Irf7(+),Irf8(+),Jdp2(+),Klf4(+),Lef1(+),Lmo2(+),Maf(+),Mafb(+),Mecom(+),Mef2c(+),Mxd3(+),Nfia(+),Nfib(+),Nfix(+),Nkx2-1(+),Nr1d1(+),Nr1h3(+),Nr2f2(+),Pax5(+),Pbx1(+),Pparg(+),Sox2(+),Tcf4(+),Tcf7(+),Tcf7l2(+),Tfec(+),Yod1(+)
Atf3(+),1.0,0.0,0.0021008403361344463,0.5818181818181818,0.23928571428571432,0.0,0.005671077504725952,0.019230769230769273,0.009980039920159722,0.08958333333333335,0.002105263157894721,0.009451795841209809,0.046040515653775316,0.094188376753507,0.038590604026845665,0.0,0.0,0.02558635394456288,0.01521739130434785,0.004081632653061273,0.015759312320916874,0.5161290322580645,0.019073569482288777,0.0,0.01008064516129037,0.0390455531453362,0.049180327868852514,0.41208791208791207,0.0,0.457685664939551,0.0,0.014767932489451518,0.002123142250530785,0.01882845188284521,0.0,0.0021551724137931494,0.1643564356435644,0.007874015748031482,0.030737704918032738,0.042671614100185495,0.1640926640926641,0.0040322580645161255,0.125,0.0041753653444676075,0.46240000000000003,0.39852398523985244,0.0
Atf5(+),0.0,1.0,0.0,0.0,0.004149377593360981,0.0,0.012658227848101222,0.01098901098901095,0.0,0.0,0.0,0.0,0.008695652173912993,0.0,0.012121212121212088,0.0,0.045454545454545414,0.0,0.0,0.0,0.007843137254901933,0.0015923566878981443,0.006802721088435382,0.0,0.02083333333333337,0.0,0.0,0.0031446540880503138,0.0,0.002557544757033292,0.0,0.0,0.0,0.02941176470588236,0.0,0.0,0.0,0.0,0.0,0.0,0.0,0.022222222222222254,0.0,0.0,0.004347826086956497,0.003278688524590123,0.03703703703703709
Bcl11b(+),0.0021008403361344463,0.0,1.0,0.0019193857965451588,0.0,0.0,0.0,0.0050000000000000044,0.02898550724637683,0.0,0.0,0.13793103448275867,0.007575757575757569,0.01834862385321101,0.022222222222222254,0.0,0.0,0.0,0.0,0.017857142857142905,0.00366300366300365,0.009375000000000022,0.0032051282051281937,0.011904761904761862,0.19999999999999996,0.0,0.0547945205479452,0.0,0.0,0.007389162561576401,0.0,0.0,0.0,0.0,0.017857142857142905,0.0,0.006578947368421018,0.0,0.0461538461538461,0.007936507936507908,0.005988023952095856,0.050000000000000044,0.016528925619834656,0.21052631578947367,0.0020920502092049986,0.0031055900621117516,0.022727272727272707
Bhlhe41(+),0.5818181818181818,0.0,0.0019193857965451588,1.0,0.2785467128027682,0.0,0.003478260869565264,0.014903129657228065,0.014732965009208066,0.06168224299065417,0.0,0.015789473684210575,0.079225352112676,0.11090225563909772,0.04402515723270439,0.0,0.0,0.025341130604288553,0.005893909626719096,0.015122873345935761,0.016172506738544423,0.641399416909621,0.02720207253886009,0.018018018018018056,0.011111111111111072,0.03968253968253965,0.04307116104868913,0.46499102333931774,0.0,0.5514834205933683,0.005964214711729587,0.03952569169960474,0.0019379844961240345,0.03300970873786413,0.005617977528089901,0.0019646365422396617,0.1943396226415094,0.023897058823529438,0.02621722846441943,0.05381944444444442,0.2272727272727273,0.013059701492537323,0.125,0.0019047619047618536,0.6172006745362564,0.45999999999999996,0.001908396946564861
Cebpa(+),0.23928571428571432,0.004149377593360981,0.0,0.2785467128027682,1.0,0.016597510373444035,0.07534246575342463,0.14520547945205475,0.010526315789473717,0.05536332179930792,0.03200000000000003,0.01935483870967747,0.04790419161676651,0.10067114093959728,0.09863013698630141,0.0,0.015810276679841917,0.02734375,0.0,0.03396226415094339,0.1607565011820331,0.24172661870503598,0.1648351648351648,0.05964912280701751,0.010714285714285676,0.027559055118110187,0.03886925795053009,0.4179487179487179,0.0039215686274509665,0.29338842975206614,0.0,0.047808764940239,0.007936507936507908,0.026717557251908386,0.03396226415094339,0.008163265306122436,0.09792284866468848,0.04255319148936165,0.021505376344086002,0.09554140127388533,0.14583333333333337,0.021897810218978075,0.11842105263157898,0.0,0.2960893854748603,0.24711316397228633,0.027450980392156876
Ckmt1(+),0.0,0.0,0.0,0.0,0.016597510373444035,1.0,0.03749999999999998,0.021857923497267784,0.0,0.0,0.0,0.0,0.0,0.0,0.0,0.0,0.0,0.0,0.0,0.0,0.019607843137254943,0.0031746031746031633,0.017006802721088454,0.0,0.0,0.0,0.0,0.006249999999999978,0.0,0.0025380710659898,0.0,0.0,0.0,0.0,0.04878048780487809,0.0,0.0,0.032786885245901676,0.0,0.008928571428571397,0.0,0.0,0.0,0.0,0.0,0.0,0.0
Dbp(+),0.005671077504725952,0.012658227848101222,0.0,0.003478260869565264,0.07534246575342463,0.03749999999999998,1.0,0.3128205128205128,0.008000000000000007,0.0,0.0786516853932584,0.0,0.010752688172043001,0.0060606060606061,0.12735849056603776,0.012345679012345734,0.09195402298850575,0.010000000000000009,0.0,0.018181818181818188,0.24621212121212122,0.0028612303290415086,0.21052631578947367,0.0852713178294574,0.0,0.0,0.0,0.012953367875647714,0.010752688172043001,0.0043290043290042934,0.0,0.0,0.01098901098901095,0.0,0.05660377358490565,0.08974358974358976,0.0,0.03937007874015752,0.008196721311475419,0.09638554216867468,0.0045045045045044585,0.017241379310344862,0.005649717514124242,0.0,0.005649717514124242,0.008000000000000007,0.08695652173913049
Ddit3(+),0.019230769230769273,0.01098901098901095,0.0050000000000000044,0.014903129657228065,0.14520547945205475,0.021857923497267784,0.3128205128205128,1.0,0.004366812227074246,0.0,0.08108108108108103,0.0078125,0.01038062283737029,0.03053435114503822,0.17465753424657537,0.00540540540540535,0.031088082901554404,0.0,0.0,0.02857142857142858,0.513986013986014,0.017699115044247815,0.49367088607594933,0.10909090909090913,0.0,0.0,0.0,0.029106029106029108,0.01538461538461533,0.014285714285714235,0.0,0.0,0.010309278350515427,0.0,0.0536585365853659,0.04419889502762431,0.0,0.03056768558951961,0.004424778761061954,0.10424710424710426,0.0092592592592593,0.01834862385321101,0.003558718861209953,0.004901960784313708,0.02080000000000004,0.01473684210526316,0.0736842105263158
Ebf1(+),0.009980039920159722,0.0,0.02898550724637683,0.014732965009208066,0.010526315789473717,0.0,0.008000000000000007,0.004366812227074246,1.0,0.008620689655172376,0.0,0.10344827586206895,0.012499999999999956,0.021897810218978075,0.014285714285714235,0.018181818181818188,0.0,0.0,0.0,0.0,0.0033112582781457123,0.021180030257186067,0.00588235294117645,0.036363636363636376,0.0674157303370787,0.01388888888888884,0.029126213592232997,0.01671309192200554,0.0,0.03791469194312791,0.0,0.0273972602739726,0.0,0.09459459459459463,0.0,0.0,0.0055248618784530246,0.039215686274509776,0.22784810126582278,0.0331125827814569,0.01025641025641022,0.0,0.05555555555555558,0.05633802816901412,0.01195219123505975,0.017341040462427793,0.013698630136986356
Egr1(+),0.08958333333333335,0.0,0.0,0.06168224299065417,0.05536332179930792,0.0,0.0,0.0,0.008620689655172376,1.0,0.0,0.058394160583941646,0.017045454545454586,0.060810810810810856,0.0,0.0,0.0,0.045454545454545414,0.13043478260869568,0.01980198019801982,0.0031347962382445305,0.05167173252279633,0.0056022408963585235,0.015503875968992276,0.009009009009009028,0.0,0.05128205128205132,0.07909604519774016,0.0,0.06557377049180324,0.0,0.0,0.0,0.010309278350515427,0.0,0.0,0.05291005291005291,0.0,0.008849557522123908,0.0,0.028846153846153855,0.0,0.069620253164557,0.01098901098901095,0.06490872210953347,0.07894736842105265,0.0
Elf5(+),0.002105263157894721,0.0,0.0,0.0,0.03200000000000003,0.0,0.0786516853932584,0.08108108108108103,0.0,0.0,1.0,0.0,0.007633587786259555,0.00917431192660545,0.051724137931034475,0.0,0.02631578947368418,0.0,0.0,0.018181818181818188,0.07905138339920947,0.0031104199066873672,0.06484641638225253,0.10526315789473684,0.0,0.0,0.0,0.006006006006005982,0.027027027027026973,0.0,0.0,0.0,0.02857142857142858,0.0,0.018181818181818188,0.11538461538461542,0.0,0.0,0.0,0.07692307692307687,0.0060240963855421326,0.0,0.0,0.0,0.004201680672268893,0.0031152647975077885,0.18918918918918914
Ets1(+),0.009451795841209809,0.0,0.13793103448275867,0.015789473684210575,0.01935483870967747,0.0,0.0,0.0078125,0.10344827586206895,0.058394160583941646,0.0,1.0,0.021505376344086002,0.024390243902439046,0.021186440677966156,0.0,0.01041666666666663,0.01980198019801982,0.02298850574712641,0.027027027027026973,0.006079027355623046,0.03534609720176729,0.008174386920980936,0.0,0.24242424242424243,0.010000000000000009,0.09836065573770492,0.015503875968992276,0.0,0.0401785714285714,0.0,0.009803921568627416,0.021739130434782594,0.028301886792452824,0.017857142857142905,0.0,0.004784688995215336,0.007518796992481258,0.0964912280701754,0.016574585635359074,0.013513513513513487,0.016949152542372836,0.022727272727272707,0.17045454545454541,0.019011406844106515,0.021505376344086002,0.00990099009900991
Ezh2(+),0.046040515653775316,0.008695652173912993,0.007575757575757569,0.079225352112676,0.04790419161676651,0.0,0.010752688172043001,0.01038062283737029,0.012499999999999956,0.017045454545454586,0.007633587786259555,0.021505376344086002,1.0,0.04123711340206182,0.08695652173913049,0.0,0.03968253968253965,0.02238805970149249,0.008196721311475419,0.02777777777777779,0.031073446327683607,0.1166666666666667,0.03589743589743588,0.0292397660818714,0.012903225806451646,0.0,0.012048192771084376,0.05955334987593053,0.0,0.06157112526539277,0.02631578947368418,0.05384615384615388,0.007874015748031482,0.014184397163120588,0.013698630136986356,0.0,0.07017543859649122,0.005988023952095856,0.01273885350318471,0.07389162561576357,0.04858299595141702,0.09219858156028371,0.04390243902439028,0.014814814814814836,0.1089494163424124,0.06153846153846154,0.0
Fosb(+),0.094188376753507,0.0,0.01834862385321101,0.11090225563909772,0.10067114093959728,0.0,0.0060606060606061,0.03053435114503822,0.021897810218978075,0.060810810810810856,0.00917431192660545,0.024390243902439046,0.04123711340206182,1.0,0.03265306122448974,0.010526315789473717,0.0,0.00877192982456143,0.030612244897959218,0.0,0.023880597014925398,0.09662576687116564,0.032432432432432434,0.04054054054054057,0.03053435114503822,0.018018018018018056,0.028169014084507005,0.134453781512605,0.009345794392523366,0.1327014218009479,0.0,0.045454545454545414,0.0,0.05217391304347829,0.024390243902439046,0.0,0.07246376811594202,0.020979020979020935,0.03007518796992481,0.04255319148936165,0.07727272727272727,0.007633587786259555,0.06666666666666665,0.0267857142857143,0.12757201646090532,0.12320916905444124,0.017857142857142905
Foxq1(+),0.038590604026845665,0.012121212121212088,0.022222222222222254,0.04402515723270439,0.09863013698630141,0.0,0.12735849056603776,0.17465753424657537,0.014285714285714235,0.0,0.051724137931034475,0.021186440677966156,0.08695652173913049,0.03265306122448974,1.0,0.0119760479041916,0.07058823529411762,0.05027932960893855,0.0,0.1179775280898876,0.216374269005848,0.04648074369189903,0.20370370370370372,0.06074766355140182,0.019607843137254943,0.0,0.01388888888888884,0.04824561403508776,0.07100591715976334,0.03766478342749524,0.005988023952095856,0.03867403314917128,0.06547619047619047,0.021052631578947323,0.12429378531073443,0.0117647058823529,0.010273972602739767,0.09499999999999997,0.009615384615384581,0.2570093457943925,0.026490066225165587,0.13259668508287292,0.02316602316602312,0.005347593582887722,0.06335616438356162,0.04260089686098656,0.07471264367816088
Gata6(+),0.0,0.0,0.0,0.0,0.0,0.0,0.012345679012345734,0.00540540540540535,0.018181818181818188,0.0,0.0,0.0,0.0,0.010526315789473717,0.0119760479041916,1.0,0.04166666666666663,0.0,0.0,0.0,0.003875968992248069,0.0,0.0033670033670033517,0.02941176470588236,0.0,0.0,0.0,0.0,0.0,0.0,0.0,0.06896551724137934,0.0,0.02777777777777779,0.0,0.0,0.0,0.08771929824561409,0.0,0.009009009009009028,0.0,0.0,0.009345794392523366,0.0,0.0,0.0,0.0
Hes1(+),0.0,0.045454545454545414,0.0,0.0,0.015810276679841917,0.0,0.09195402298850575,0.031088082901554404,0.0,0.0,0.02631578947368418,0.01041666666666663,0.03968253968253965,0.0,0.07058823529411762,0.04166666666666663,1.0,0.023255813953488413,0.0,0.05769230769230771,0.03816793893129766,0.004680187207488307,0.0298013245033113,0.03749999999999998,0.0,0.0,0.0,0.0030030030030030463,0.0,0.0024630541871921707,0.0,0.0,0.16666666666666663,0.0,0.037735849056603765,0.07692307692307687,0.0,0.05633802816901412,0.01538461538461533,0.04166666666666663,0.0,0.03389830508474578,0.0,0.0,0.004210526315789442,0.0031250000000000444,0.13157894736842102
Hivep3(+),0.02558635394456288,0.0,0.0,0.025341130604288553,0.02734375,0.0,0.010000000000000009,0.0,0.0,0.045454545454545414,0.0,0.01980198019801982,0.02238805970149249,0.00877192982456143,0.05027932960893855,0.0,0.023255813953488413,1.0,0.0,0.01666666666666672,0.01831501831501836,0.023622047244094446,0.012779552715655007,0.0,0.0,0.04347826086956519,0.0,0.027190332326283984,0.0,0.022277227722772297,0.0,0.020408163265306145,0.05128205128205132,0.05660377358490565,0.051724137931034475,0.0,0.01948051948051943,0.012499999999999956,0.014084507042253502,0.03968253968253965,0.005847953216374324,0.06349206349206349,0.03252032520325199,0.0,0.01898734177215189,0.025078369905956133,0.0
Id1(+),0.01521739130434785,0.0,0.0,0.005893909626719096,0.0,0.0,0.0,0.0,0.0,0.13043478260869568,0.0,0.02298850574712641,0.008196721311475419,0.030612244897959218,0.0,0.0,0.0,0.0,1.0,0.0,0.0,0.004739336492891044,0.0033112582781457123,0.013513513513513487,0.0,0.0,0.0,0.006172839506172867,0.0,0.005037783375314908,0.0,0.0,0.0,0.024390243902439046,0.021739130434782594,0.0,0.014184397163120588,0.015151515151515138,0.0,0.0,0.006369426751592355,0.0,0.0,0.0,0.006437768240343367,0.0032051282051281937,0.0
Ikzf2(+),0.004081632653061273,0.0,0.017857142857142905,0.015122873345935761,0.03396226415094339,0.0,0.018181818181818188,0.02857142857142858,0.0,0.01980198019801982,0.018181818181818188,0.027027027027026973,0.02777777777777779,0.0,0.1179775280898876,0.0,0.05769230769230771,0.01666666666666672,0.0,1.0,0.0864661654135338,0.01225114854517606,0.07894736842105265,0.08695652173913049,0.012499999999999956,0.0,0.0337078651685393,0.017391304347826098,0.125,0.014354066985645897,0.0,0.03389830508474578,0.13043478260869568,0.015151515151515138,0.19999999999999996,0.022727272727272707,0.0,0.10843373493975905,0.0,0.12698412698412698,0.005494505494505475,0.11428571428571432,0.014705882352941124,0.0,0.016460905349794275,0.0119760479041916,0.052631578947368474
Irf7(+),0.015759312320916874,0.007843137254901933,0.00366300366300365,0.016172506738544423,0.1607565011820331,0.019607843137254943,0.24621212121212122,0.513986013986014,0.0033112582781457123,0.0031347962382445305,0.07905138339920947,0.006079027355623046,0.031073446327683607,0.023880597014925398,0.216374269005848,0.003875968992248069,0.03816793893129766,0.01831501831501836,0.0,0.0864661654135338,1.0,0.020930232558139528,0.6873065015479876,0.13214285714285712,0.006756756756756799,0.0,0.0032467532467532756,0.02898550724637683,0.03435114503816794,0.01104100946372244,0.0,0.0036101083032491488,0.0346153846153846,0.0,0.09885931558935357,0.03149606299212604,0.0,0.06551724137931036,0.0033444816053511683,0.143312101910828,0.010101010101010055,0.06498194945848379,0.0028248587570621764,0.0,0.025974025974025983,0.014625228519195566,0.0778210116731517
Irf8(+),0.5161290322580645,0.0015923566878981443,0.009375000000000022,0.641399416909621,0.24172661870503598,0.0031746031746031633,0.0028612303290415086,0.017699115044247815,0.021180030257186067,0.05167173252279633,0.0031104199066873672,0.03534609720176729,0.1166666666666667,0.09662576687116564,0.04648074369189903,0.0,0.004680187207488307,0.023622047244094446,0.004739336492891044,0.01225114854517606,0.020930232558139528,1.0,0.0361581920903955,0.017725258493353047,0.022900763358778664,0.03349282296650713,0.05092592592592593,0.4506172839506173,0.0015576323987538387,0.5442073170731707,0.0031847133757961776,0.030110935023771823,0.003129890453834161,0.025000000000000022,0.003034901365705611,0.0015797788309637184,0.1718266253869969,0.016417910447761197,0.050000000000000044,0.05179856115107917,0.1876923076923077,0.018320610687022953,0.12191358024691357,0.010886469673405896,0.5718432510885341,0.4305555555555556,0.0030911901081916993
Jdp2(+),0.019073569482288777,0.006802721088435382,0.0032051282051281937,0.02720207253886009,0.1648351648351648,0.017006802721088454,0.21052631578947367,0.49367088607594933,0.00588235294117645,0.0056022408963585235,0.06484641638225253,0.008174386920980936,0.03589743589743588,0.032432432432432434,0.20370370370370372,0.0033670033670033517,0.0298013245033113,0.012779552715655007,0.0033112582781457123,0.07894736842105265,0.6873065015479876,0.0361581920903955,1.0,0.13015873015873014,0.0,0.0031847133757961776,0.005780346820809301,0.03938356164383561,0.033333333333333326,0.019490254872563728,0.0,0.0031645569620253333,0.019867549668874163,0.0,0.08609271523178808,0.023809523809523836,0.004739336492891044,0.0707692307692308,0.00295857988165682,0.12429378531073443,0.011520737327188946,0.060317460317460325,0.01025641025641022,0.006349206349206327,0.03734439834024894,0.022375215146299476,0.06756756756756754
Klf4(+),0.0,0.0,0.011904761904761862,0.018018018018018056,0.05964912280701751,0.0,0.0852713178294574,0.10909090909090913,0.036363636363636376,0.015503875968992276,0.10526315789473684,0.0,0.0292397660818714,0.04054054054054057,0.06074766355140182,0.02941176470588236,0.03749999999999998,0.0,0.013513513513513487,0.08695652173913049,0.13214285714285712,0.017725258493353047,0.13015873015873014,1.0,0.0,0.0,0.008403361344537785,0.027100271002710064,0.06493506493506496,0.013452914798206317,0.0,0.011363636363636354,0.038961038961038974,0.010638297872340385,0.08695652173913049,0.042857142857142816,0.015544041450777257,0.09090909090909094,0.0,0.09677419354838712,0.024271844660194164,0.029126213592232997,0.018404907975460127,0.0,0.021526418786692814,0.01666666666666672,0.07317073170731703
Lef1(+),0.01008064516129037,0.02083333333333337,0.19999999999999996,0.011111111111111072,0.010714285714285676,0.0,0.0,0.0,0.0674157303370787,0.009009009009009028,0.0,0.24242424242424243,0.012903225806451646,0.03053435114503822,0.019607843137254943,0.0,0.0,0.0,0.0,0.012499999999999956,0.006756756756756799,0.022900763358778664,0.0,0.0,1.0,0.0,0.09782608695652173,0.014084507042253502,0.0,0.030952380952380953,0.0,0.01449275362318836,0.0,0.027027027027026973,0.0,0.0,0.0,0.010000000000000009,0.08235294117647063,0.01342281879194629,0.005235602094240788,0.02352941176470591,0.027972027972028024,0.3207547169811321,0.018218623481781382,0.011661807580174877,0.014705882352941124
Lmo2(+),0.0390455531453362,0.0,0.0,0.03968253968253965,0.027559055118110187,0.0,0.0,0.0,0.01388888888888884,0.0,0.0,0.010000000000000009,0.0,0.018018018018018056,0.0,0.0,0.0,0.04347826086956519,0.0,0.0,0.0,0.03349282296650713,0.0031847133757961776,0.0,0.0,1.0,0.03947368421052633,0.052959501557632405,0.0,0.04846938775510201,0.0,0.0,0.0,0.0,0.0,0.0,0.04026845637583898,0.012820512820512775,0.04477611940298509,0.0078125,0.02409638554216864,0.0,0.10619469026548678,0.0,0.02777777777777779,0.03833865814696491,0.0
Maf(+),0.049180327868852514,0.0,0.0547945205479452,0.04307116104868913,0.03886925795053009,0.0,0.0,0.0,0.029126213592232997,0.05128205128205132,0.0,0.09836065573770492,0.012048192771084376,0.028169014084507005,0.01388888888888884,0.0,0.0,0.0,0.0,0.0337078651685393,0.0032467532467532756,0.05092592592592593,0.005780346820809301,0.008403361344537785,0.09782608695652173,0.03947368421052633,1.0,0.08163265306122447,0.0,0.07506053268765134,0.0,0.012499999999999956,0.0,0.0,0.0,0.0,0.005347593582887722,0.009009009009009028,0.030000000000000027,0.012499999999999956,0.00995024875621886,0.010309278350515427,0.0821917808219178,0.07999999999999996,0.03420523138832998,0.04373177842565601,0.0
Mafb(+),0.41208791208791207,0.0031446540880503138,0.0,0.46499102333931774,0.4179487179487179,0.006249999999999978,0.012953367875647714,0.029106029106029108,0.01671309192200554,0.07909604519774016,0.006006006006005982,0.015503875968992276,0.05955334987593053,0.134453781512605,0.04824561403508776,0.0,0.0030030030030030463,0.027190332326283984,0.006172839506172867,0.017391304347826098,0.02898550724637683,0.4506172839506173,0.03938356164383561,0.027100271002710064,0.014084507042253502,0.052959501557632405,0.08163265306122447,1.0,0.0,0.5282608695652173,0.0031347962382445305,0.03975535168195721,0.00303030303030305,0.0359281437125748,0.008620689655172376,0.003095975232198178,0.1316455696202532,0.03631284916201116,0.031339031339031376,0.06313131313131315,0.17557251908396942,0.011331444759206777,0.15193370165745856,0.0,0.4667931688804554,0.3959276018099548,0.008928571428571397
Mecom(+),0.0,0.0,0.0,0.0,0.0039215686274509665,0.0,0.010752688172043001,0.01538461538461533,0.0,0.0,0.027027027027026973,0.0,0.0,0.009345794392523366,0.07100591715976334,0.0,0.0,0.0,0.0,0.125,0.03435114503816794,0.0015576323987538387,0.033333333333333326,0.06493506493506496,0.0,0.0,0.0,0.0,1.0,0.0,0.0,0.023809523809523836,0.1333333333333333,0.0,0.2857142857142857,0.0,0.0,0.07246376811594202,0.0,0.05982905982905984,0.0060975609756097615,0.03448275862068961,0.016949152542372836,0.0,0.00421940928270037,0.0031347962382445305,0.0
Mef2c(+),0.457685664939551,0.002557544757033292,0.007389162561576401,0.5514834205933683,0.29338842975206614,0.0025380710659898,0.0043290043290042934,0.014285714285714235,0.03791469194312791,0.06557377049180324,0.0,0.0401785714285714,0.06157112526539277,0.1327014218009479,0.03766478342749524,0.0,0.0024630541871921707,0.022277227722772297,0.005037783375314908,0.014354066985645897,0.01104100946372244,0.5442073170731707,0.019490254872563728,0.013452914798206317,0.030952380952380953,0.04846938775510201,0.07506053268765134,0.5282608695652173,0.0,1.0,0.0025510204081632404,0.029925187032418976,0.0,0.03201970443349755,0.0071258907363420665,0.002525252525252486,0.1353711790393013,0.01834862385321101,0.06617647058823528,0.04883227176220806,0.16052060737527118,0.009389671361502372,0.16113744075829384,0.01225490196078427,0.5243243243243243,0.48068669527897,0.004878048780487809
Mxd3(+),0.0,0.0,0.0,0.005964214711729587,0.0,0.0,0.0,0.0,0.0,0.0,0.0,0.0,0.02631578947368418,0.0,0.005988023952095856,0.0,0.0,0.0,0.0,0.0,0.0,0.0031847133757961776,0.0,0.0,0.0,0.0,0.0,0.0031347962382445305,0.0,0.0025510204081632404,1.0,0.0,0.0,0.0,0.0,0.0,0.0,0.0,0.0,0.0,0.0,0.021739130434782594,0.0,0.0,0.0021645021645021467,0.0,0.0
Nfia(+),0.014767932489451518,0.0,0.0,0.03952569169960474,0.047808764940239,0.0,0.0,0.0,0.0273972602739726,0.0,0.0,0.009803921568627416,0.05384615384615388,0.045454545454545414,0.03867403314917128,0.06896551724137934,0.0,0.020408163265306145,0.0,0.03389830508474578,0.0036101083032491488,0.030110935023771823,0.0031645569620253333,0.011363636363636354,0.01449275362318836,0.0,0.012499999999999956,0.03975535168195721,0.023809523809523836,0.029925187032418976,0.0,1.0,0.0,0.1428571428571429,0.01666666666666672,0.0,0.03289473684210531,0.1095890410958904,0.0,0.056451612903225756,0.05521472392638038,0.015151515151515138,0.03252032520325199,0.0,0.04094827586206895,0.04140127388535031,0.0
Nfib(+),0.002123142250530785,0.0,0.0,0.0019379844961240345,0.007936507936507908,0.0,0.01098901098901095,0.010309278350515427,0.0,0.0,0.02857142857142858,0.021739130434782594,0.007874015748031482,0.0,0.06547619047619047,0.0,0.16666666666666663,0.05128205128205132,0.0,0.13043478260869568,0.0346153846153846,0.003129890453834161,0.019867549668874163,0.038961038961038974,0.0,0.0,0.0,0.00303030303030305,0.1333333333333333,0.0,0.0,0.0,1.0,0.021739130434782594,0.13043478260869568,0.04166666666666663,0.0,0.05882352941176472,0.0,0.07964601769911506,0.0,0.054545454545454564,0.008547008547008517,0.0,0.0021141649048626032,0.003154574132492094,0.052631578947368474
Nfix(+),0.01882845188284521,0.02941176470588236,0.0,0.03300970873786413,0.026717557251908386,0.0,0.0,0.0,0.09459459459459463,0.010309278350515427,0.0,0.028301886792452824,0.014184397163120588,0.05217391304347829,0.021052631578947323,0.02777777777777779,0.0,0.05660377358490565,0.024390243902439046,0.015151515151515138,0.0,0.025000000000000022,0.0,0.010638297872340385,0.027027027027026973,0.0,0.0,0.0359281437125748,0.0,0.03201970443349755,0.0,0.1428571428571429,0.021739130434782594,1.0,0.03076923076923077,0.0,0.006172839506172867,0.10126582278481011,0.012987012987012991,0.07874015748031493,0.053254437869822535,0.0,0.047244094488189003,0.018181818181818188,0.03382663847780132,0.03738317757009346,0.0
Nkx2-1(+),0.0,0.0,0.017857142857142905,0.005617977528089901,0.03396226415094339,0.04878048780487809,0.05660377358490565,0.0536585365853659,0.0,0.0,0.018181818181818188,0.017857142857142905,0.013698630136986356,0.024390243902439046,0.12429378531073443,0.0,0.037735849056603765,0.051724137931034475,0.021739130434782594,0.19999999999999996,0.09885931558935357,0.003034901365705611,0.08609271523178808,0.08695652173913049,0.0,0.0,0.0,0.008620689655172376,0.2857142857142857,0.0071258907363420665,0.0,0.01666666666666672,0.13043478260869568,0.03076923076923077,1.0,0.022727272727272707,0.0,0.15000000000000002,0.0,0.11811023622047245,0.01666666666666672,0.08333333333333337,0.0,0.0,0.008163265306122436,0.008955223880596996,0.052631578947368474
Nr1d1(+),0.0021551724137931494,0.0,0.0,0.0019646365422396617,0.008163265306122436,0.0,0.08974358974358976,0.04419889502762431,0.0,0.0,0.11538461538461542,0.0,0.0,0.0,0.0117647058823529,0.0,0.07692307692307687,0.0,0.0,0.022727272727272707,0.03149606299212604,0.0015797788309637184,0.023809523809523836,0.042857142857142816,0.0,0.0,0.0,0.003095975232198178,0.0,0.002525252525252486,0.0,0.0,0.04166666666666663,0.0,0.022727272727272707,1.0,0.0,0.0,0.0,0.00877192982456143,0.006451612903225823,0.0,0.0,0.0,0.0021459227467811592,0.006472491909385147,0.09999999999999998
Nr1h3(+),0.1643564356435644,0.0,0.006578947368421018,0.1943396226415094,0.09792284866468848,0.0,0.0,0.0,0.0055248618784530246,0.05291005291005291,0.0,0.004784688995215336,0.07017543859649122,0.07246376811594202,0.010273972602739767,0.0,0.0,0.01948051948051943,0.014184397163120588,0.0,0.0,0.1718266253869969,0.004739336492891044,0.015544041450777257,0.0,0.04026845637583898,0.005347593582887722,0.1316455696202532,0.0,0.1353711790393013,0.0,0.03289473684210531,0.0,0.006172839506172867,0.0,0.0,1.0,0.005347593582887722,0.0,0.030303030303030276,0.13877551020408163,0.02352941176470591,0.08333333333333337,0.0,0.18473895582329314,0.16353887399463807,0.0
Nr2f2(+),0.007874015748031482,0.0,0.0,0.023897058823529438,0.04255319148936165,0.032786885245901676,0.03937007874015752,0.03056768558951961,0.039215686274509776,0.0,0.0,0.007518796992481258,0.005988023952095856,0.020979020979020935,0.09499999999999997,0.08771929824561409,0.05633802816901412,0.012499999999999956,0.015151515151515138,0.10843373493975905,0.06551724137931036,0.016417910447761197,0.0707692307692308,0.09090909090909094,0.010000000000000009,0.012820512820512775,0.009009009009009028,0.03631284916201116,0.07246376811594202,0.01834862385321101,0.0,0.1095890410958904,0.05882352941176472,0.10126582278481011,0.15000000000000002,0.0,0.005347593582887722,1.0,0.009803921568627416,0.11724137931034484,0.030456852791878153,0.03157894736842104,0.03947368421052633,0.012499999999999956,0.019841269841269882,0.014164305949008527,0.02564102564102566
Pax5(+),0.030737704918032738,0.0,0.0461538461538461,0.02621722846441943,0.021505376344086002,0.0,0.008196721311475419,0.004424778761061954,0.22784810126582278,0.008849557522123908,0.0,0.0964912280701754,0.01273885350318471,0.03007518796992481,0.009615384615384581,0.0,0.01538461538461533,0.014084507042253502,0.0,0.0,0.0033444816053511683,0.050000000000000044,0.00295857988165682,0.0,0.08235294117647063,0.04477611940298509,0.030000000000000027,0.031339031339031376,0.0,0.06617647058823528,0.0,0.0,0.0,0.012987012987012991,0.0,0.0,0.0,0.009803921568627416,1.0,0.0,0.0,0.0,0.02758620689655178,0.07462686567164178,0.03271983640081799,0.038690476190476164,0.0
Pbx1(+),0.042671614100185495,0.0,0.007936507936507908,0.05381944444444442,0.09554140127388533,0.008928571428571397,0.09638554216867468,0.10424710424710426,0.0331125827814569,0.0,0.07692307692307687,0.016574585635359074,0.07389162561576357,0.04255319148936165,0.2570093457943925,0.009009009009009028,0.04166666666666663,0.03968253968253965,0.0,0.12698412698412698,0.143312101910828,0.05179856115107917,0.12429378531073443,0.09677419354838712,0.01342281879194629,0.0078125,0.012499999999999956,0.06313131313131315,0.05982905982905984,0.04883227176220806,0.0,0.056451612903225756,0.07964601769911506,0.07874015748031493,0.11811023622047245,0.00877192982456143,0.030303030303030276,0.11724137931034484,0.0,1.0,0.020161290322580627,0.07246376811594202,0.061224489795918324,0.007692307692307665,0.06015037593984962,0.04081632653061229,0.08333333333333337
Pparg(+),0.1640926640926641,0.0,0.005988023952095856,0.2272727272727273,0.14583333333333337,0.0,0.0045045045045044585,0.0092592592592593,0.01025641025641022,0.028846153846153855,0.0060240963855421326,0.013513513513513487,0.04858299595141702,0.07727272727272727,0.026490066225165587,0.0,0.0,0.005847953216374324,0.006369426751592355,0.005494505494505475,0.010101010101010055,0.1876923076923077,0.011520737327188946,0.024271844660194164,0.005235602094240788,0.02409638554216864,0.00995024875621886,0.17557251908396942,0.0060975609756097615,0.16052060737527118,0.0,0.05521472392638038,0.0,0.053254437869822535,0.01666666666666672,0.006451612903225823,0.13877551020408163,0.030456852791878153,0.0,0.020161290322580627,1.0,0.016129032258064502,0.08260869565217388,0.005847953216374324,0.22967479674796742,0.25770308123249297,0.0
Sox2(+),0.0040322580645161255,0.022222222222222254,0.050000000000000044,0.013059701492537323,0.021897810218978075,0.0,0.017241379310344862,0.01834862385321101,0.0,0.0,0.0,0.016949152542372836,0.09219858156028371,0.007633587786259555,0.13259668508287292,0.0,0.03389830508474578,0.06349206349206349,0.0,0.11428571428571432,0.06498194945848379,0.018320610687022953,0.060317460317460325,0.029126213592232997,0.02352941176470591,0.0,0.010309278350515427,0.011331444759206777,0.03448275862068961,0.009389671361502372,0.021739130434782594,0.015151515151515138,0.054545454545454564,0.0,0.08333333333333337,0.0,0.02352941176470591,0.03157894736842104,0.0,0.07246376811594202,0.016129032258064502,1.0,0.014084507042253502,0.015151515151515138,0.020408163265306145,0.017751479289940808,0.01538461538461533
Tcf4(+),0.125,0.0,0.016528925619834656,0.125,0.11842105263157898,0.0,0.005649717514124242,0.003558718861209953,0.05555555555555558,0.069620253164557,0.0,0.022727272727272707,0.04390243902439028,0.06666666666666665,0.02316602316602312,0.009345794392523366,0.0,0.03252032520325199,0.0,0.014705882352941124,0.0028248587570621764,0.12191358024691357,0.01025641025641022,0.018404907975460127,0.027972027972028024,0.10619469026548678,0.0821917808219178,0.15193370165745856,0.016949152542372836,0.16113744075829384,0.0,0.03252032520325199,0.008547008547008517,0.047244094488189003,0.0,0.0,0.08333333333333337,0.03947368421052633,0.02758620689655178,0.061224489795918324,0.08260869565217388,0.014084507042253502,1.0,0.016000000000000014,0.14052953156822812,0.18128654970760238,0.0
Tcf7(+),0.0041753653444676075,0.0,0.21052631578947367,0.0019047619047618536,0.0,0.0,0.0,0.004901960784313708,0.05633802816901412,0.01098901098901095,0.0,0.17045454545454541,0.014814814814814836,0.0267857142857143,0.005347593582887722,0.0,0.0,0.0,0.0,0.0,0.0,0.010886469673405896,0.006349206349206327,0.0,0.3207547169811321,0.0,0.07999999999999996,0.0,0.0,0.01225490196078427,0.0,0.0,0.0,0.018181818181818188,0.0,0.0,0.0,0.012499999999999956,0.07462686567164178,0.007692307692307665,0.005847953216374324,0.015151515151515138,0.016000000000000014,1.0,0.006249999999999978,0.0030674846625766694,0.02083333333333337
Tcf7l2(+),0.46240000000000003,0.004347826086956497,0.0020920502092049986,0.6172006745362564,0.2960893854748603,0.0,0.005649717514124242,0.02080000000000004,0.01195219123505975,0.06490872210953347,0.004201680672268893,0.019011406844106515,0.1089494163424124,0.12757201646090532,0.06335616438356162,0.0,0.004210526315789442,0.01898734177215189,0.006437768240343367,0.016460905349794275,0.025974025974025983,0.5718432510885341,0.03734439834024894,0.021526418786692814,0.018218623481781382,0.02777777777777779,0.03420523138832998,0.4667931688804554,0.00421940928270037,0.5243243243243243,0.0021645021645021467,0.04094827586206895,0.0021141649048626032,0.03382663847780132,0.008163265306122436,0.0021459227467811592,0.18473895582329314,0.019841269841269882,0.03271983640081799,0.06015037593984962,0.22967479674796742,0.020408163265306145,0.14052953156822812,0.006249999999999978,1.0,0.4728682170542635,0.008368200836820106
Tfec(+),0.39852398523985244,0.003278688524590123,0.0031055900621117516,0.45999999999999996,0.24711316397228633,0.0,0.008000000000000007,0.01473684210526316,0.017341040462427793,0.07894736842105265,0.0031152647975077885,0.021505376344086002,0.06153846153846154,0.12320916905444124,0.04260089686098656,0.0,0.0031250000000000444,0.025078369905956133,0.0032051282051281937,0.0119760479041916,0.014625228519195566,0.4305555555555556,0.022375215146299476,0.01666666666666672,0.011661807580174877,0.03833865814696491,0.04373177842565601,0.3959276018099548,0.0031347962382445305,0.48068669527897,0.0,0.04140127388535031,0.003154574132492094,0.03738317757009346,0.008955223880596996,0.006472491909385147,0.16353887399463807,0.014164305949008527,0.038690476190476164,0.04081632653061229,0.25770308123249297,0.017751479289940808,0.18128654970760238,0.0030674846625766694,0.4728682170542635,1.0,0.003076923076923088
Yod1(+),0.0,0.03703703703703709,0.022727272727272707,0.001908396946564861,0.027450980392156876,0.0,0.08695652173913049,0.0736842105263158,0.013698630136986356,0.0,0.18918918918918914,0.00990099009900991,0.0,0.017857142857142905,0.07471264367816088,0.0,0.13157894736842102,0.0,0.0,0.052631578947368474,0.0778210116731517,0.0030911901081916993,0.06756756756756754,0.07317073170731703,0.014705882352941124,0.0,0.0,0.008928571428571397,0.0,0.004878048780487809,0.0,0.0,0.052631578947368474,0.0,0.052631578947368474,0.09999999999999998,0.0,0.02564102564102566,0.0,0.08333333333333337,0.0,0.01538461538461533,0.0,0.02083333333333337,0.008368200836820106,0.003076923076923088,1.0
