,Ahr(+),Atf3(+),Atf5(+),Bcl11b(+),Bhlhe41(+),Cebpa(+),Dbp(+),Ddit3(+),Ebf1(+),Egr1(+),Egr2(+),Ehf(+),Elf5(+),Ets1(+),Ezh2(+),Fosb(+),Foxq1(+),Gata6(+),H1fx(+),Hes1(+),Irf7(+),Irf8(+),Jdp2(+),Klf4(+),Lef1(+),Maf(+),Mafb(+),Mecom(+),Mef2c(+),Mycl(+),Nfia(+),Nfib(+),Nfix(+),Nkx2-1(+),Nr1h3(+),Nr2f2(+),Nr4a1(+),Pax5(+),Pbx1(+),Pparg(+),Sox2(+),Sox4(+),Tcf4(+),Tcf7(+),Tcf7l2(+),Tfec(+)
Ahr(+),1.0,0.0228013029315961,0.0,0.0,0.0023041474654378336,0.020231213872832332,0.0,0.0,0.007462686567164201,0.0,0.0,0.0,0.0,0.0,0.0,0.02604166666666663,0.0,0.013698630136986356,0.0,0.0,0.02212389380530977,0.010330578512396715,0.0,0.04878048780487809,0.0,0.049180327868852514,0.026666666666666616,0.0117647058823529,0.023809523809523836,0.0,0.007575757575757569,0.014354066985645897,0.007352941176470562,0.0,0.0,0.0,0.0,0.007692307692307665,0.016528925619834656,0.0,0.0,0.010309278350515427,0.014563106796116498,0.0,0.012269938650306789,0.007662835249042099
Atf3(+),0.0228013029315961,1.0,0.003225806451612856,0.0,0.12577639751552794,0.3257731958762886,0.003058103975535187,0.30625,0.03658536585365857,0.09375,0.003058103975535187,0.03142857142857147,0.009740259740259716,0.0,0.014634146341463428,0.2782152230971129,0.0031347962382445305,0.04784688995215314,0.025139664804469275,0.012903225806451646,0.2769607843137255,0.22870662460567825,0.1941176470588235,0.10846560846560849,0.0029325513196480912,0.052896725440806036,0.19543973941368076,0.0547945205479452,0.07122507122507127,0.0032679738562091387,0.029197080291970767,0.04583333333333328,0.062189054726368154,0.009090909090909038,0.016393442622950838,0.029680365296803624,0.00990099009900991,0.04207920792079212,0.08970976253298157,0.12989690721649483,0.011869436201780381,0.01305483028720622,0.10154525386313462,0.0030674846625766694,0.18401206636500755,0.15091678420310295
Atf5(+),0.0,0.003225806451612856,1.0,0.0,0.002320185614849146,0.005747126436781658,0.0,0.0,0.007633587786259555,0.017857142857142905,0.02941176470588236,0.014925373134328401,0.05882352941176472,0.0,0.0,0.0,0.0,0.028368794326241176,0.013698630136986356,0.050000000000000044,0.0,0.0,0.008928571428571397,0.008000000000000007,0.0,0.008064516129032251,0.013698630136986356,0.005952380952380931,0.0,0.0,0.031746031746031744,0.014563106796116498,0.007518796992481258,0.0,0.012820512820512775,0.01935483870967747,0.0,0.0,0.016949152542372836,0.0,0.021276595744680882,0.021505376344086002,0.0,0.0,0.008196721311475419,0.0038387715930902067
Bcl11b(+),0.0,0.0,0.0,1.0,0.002336448598130869,0.0,0.0,0.0,0.0,0.0,0.0,0.0,0.0,0.07462686567164178,0.0,0.010582010582010581,0.09090909090909094,0.0,0.0,0.0,0.004464285714285698,0.0020746887966804906,0.0,0.008196721311475419,0.09523809523809523,0.03389830508474578,0.0,0.0,0.0,0.0,0.0,0.0,0.007692307692307665,0.0,0.0,0.0,0.0,0.008064516129032251,0.0,0.0,0.0,0.01098901098901095,0.0,0.1923076923076923,0.002049180327868827,0.0019267822736031004
Bhlhe41(+),0.0023041474654378336,0.12577639751552794,0.002320185614849146,0.002336448598130869,1.0,0.33333333333333337,0.011261261261261257,0.038535645472061675,0.08548707753479123,0.004264392324093813,0.04418604651162794,0.025531914893617058,0.002320185614849146,0.02515723270440251,0.1049382716049383,0.023569023569023573,0.002272727272727315,0.07293666026871404,0.03609341825902335,0.011627906976744207,0.05766062602965405,0.3846153846153846,0.013461538461538414,0.06719367588932801,0.008714596949891074,0.03256704980842917,0.025210084033613467,0.07564575645756455,0.07112068965517238,0.0023419203747072626,0.06666666666666665,0.07228915662650603,0.11836734693877549,0.008888888888888835,0.06479481641468687,0.040000000000000036,0.0,0.10838445807770958,0.051181102362204745,0.38796680497925307,0.008733624454148492,0.030364372469635637,0.1355311355311355,0.0022371364653244186,0.3853211009174312,0.5590682196339434
Cebpa(+),0.020231213872832332,0.3257731958762886,0.005747126436781658,0.0,0.33333333333333337,1.0,0.0,0.08551068883610446,0.03803131991051456,0.023684210526315752,0.02228412256267409,0.012658227848101222,0.002865329512893977,0.004938271604938316,0.041189931350114395,0.10041841004184104,0.0,0.07191011235955058,0.0330788804071247,0.011461318051575908,0.21212121212121215,0.3610648918469218,0.03488372093023251,0.11435523114355228,0.0,0.04816513761467889,0.15340909090909094,0.07741935483870965,0.07512953367875652,0.005813953488372103,0.04288939051918739,0.05870841487279843,0.10952380952380958,0.008130081300813052,0.05927835051546393,0.03375527426160341,0.00877192982456143,0.040723981900452455,0.06352941176470583,0.29580573951434874,0.007957559681697646,0.021531100478468845,0.11850311850311845,0.002739726027397249,0.36423841059602646,0.3857374392220422
Dbp(+),0.0,0.003058103975535187,0.0,0.0,0.011261261261261257,0.0,1.0,0.0,0.03472222222222221,0.0,0.0,0.04938271604938271,0.0,0.0,0.0,0.014423076923076872,0.0,0.031847133757961776,0.022471910112359605,0.027027027027026973,0.004098360655737654,0.008016032064128265,0.015625,0.02877697841726623,0.03125,0.02898550724637683,0.0,0.03910614525139666,0.010101010101010055,0.033333333333333326,0.027972027972028024,0.051162790697674376,0.020270270270270285,0.017857142857142905,0.032258064516129004,0.02941176470588236,0.0,0.013986013986013957,0.04580152671755722,0.0036900369003689537,0.031746031746031744,0.04672897196261683,0.04205607476635509,0.020000000000000018,0.009920634920634885,0.005586592178770999
Ddit3(+),0.0,0.30625,0.0,0.0,0.038535645472061675,0.08551068883610446,0.0,1.0,0.025751072961373356,0.2148148148148148,0.014285714285714235,0.011560693641618491,0.008064516129032251,0.0,0.0,0.31441048034934493,0.0,0.02857142857142858,0.005555555555555536,0.0,0.08414239482200647,0.034904013961605584,0.41025641025641024,0.03555555555555556,0.006451612903225823,0.008695652173912993,0.04022988505747127,0.01845018450184499,0.027027027027026973,0.0,0.004237288135593209,0.01935483870967747,0.004166666666666652,0.01379310344827589,0.016393442622950838,0.0076045627376425395,0.02564102564102566,0.030701754385964897,0.11274509803921573,0.05232558139534882,0.0,0.00497512437810943,0.022875816993464082,0.0,0.04903677758318736,0.04132231404958675
Ebf1(+),0.007462686567164201,0.03658536585365857,0.007633587786259555,0.0,0.08548707753479123,0.03803131991051456,0.03472222222222221,0.025751072961373356,1.0,0.017857142857142905,0.006756756756756799,0.040000000000000036,0.0,0.07386363636363635,0.03493449781659386,0.013157894736842146,0.0,0.12608695652173918,0.1393939393939394,0.046511627906976716,0.030120481927710885,0.14722753346080308,0.013392857142857095,0.07623318385650224,0.012422360248447228,0.07657657657657657,0.010752688172043001,0.16942148760330578,0.34931506849315064,0.007874015748031482,0.10909090909090913,0.14539007092198586,0.06437768240343344,0.0,0.037634408602150504,0.10569105691056913,0.007936507936507908,0.40697674418604646,0.09859154929577463,0.027855153203342642,0.0,0.060913705583756306,0.2549019607843137,0.006802721088435382,0.0802139037433155,0.03409090909090906
Egr1(+),0.0,0.09375,0.017857142857142905,0.0,0.004264392324093813,0.023684210526315752,0.0,0.2148148148148148,0.017857142857142905,1.0,0.013698630136986356,0.009433962264150941,0.017857142857142905,0.008849557522123908,0.006211180124223614,0.1421568627450981,0.0,0.06976744186046513,0.03669724770642202,0.0,0.04296875,0.011560693641618491,0.16923076923076918,0.044303797468354444,0.0,0.04458598726114649,0.008928571428571397,0.045226130653266305,0.01666666666666672,0.0,0.024242424242424288,0.05084745762711862,0.029761904761904767,0.012820512820512775,0.02608695652173909,0.0478723404255319,0.019607843137254943,0.012121212121212088,0.11188811188811187,0.0034129692832765013,0.011627906976744207,0.046875,0.03375527426160341,0.0,0.02115384615384619,0.0035714285714285587
Egr2(+),0.0,0.003058103975535187,0.02941176470588236,0.0,0.04418604651162794,0.02228412256267409,0.0,0.014285714285714235,0.006756756756756799,0.013698630136986356,1.0,0.011904761904761862,0.0,0.0,0.01449275362318836,0.009569377990430672,0.0,0.012499999999999956,0.0,0.0,0.004098360655737654,0.014112903225806495,0.023622047244094446,0.007042253521126751,0.0,0.007092198581560294,0.0,0.00540540540540535,0.010101010101010055,0.0,0.02083333333333337,0.008928571428571397,0.020270270270270285,0.0,0.021276595744680882,0.005747126436781658,0.0,0.013986013986013957,0.014814814814814836,0.030303030303030276,0.0,0.0,0.013636363636363669,0.0,0.02208835341365467,0.0325047801147228
Ehf(+),0.0,0.03142857142857147,0.014925373134328401,0.0,0.025531914893617058,0.012658227848101222,0.04938271604938271,0.011560693641618491,0.040000000000000036,0.009433962264150941,0.011904761904761862,1.0,0.014925373134328401,0.0,0.011695906432748537,0.03389830508474578,0.06944444444444442,0.10169491525423724,0.024793388429752095,0.0,0.02583025830258301,0.013232514177693777,0.0,0.053892215568862256,0.0,0.054216867469879526,0.033333333333333326,0.10606060606060608,0.023076923076923106,0.032258064516129004,0.02857142857142858,0.04858299595141702,0.016574585635359074,0.1842105263157895,0.0078125,0.02970297029702973,0.0,0.011363636363636354,0.03658536585365857,0.003289473684210509,0.2098765432098766,0.050724637681159424,0.04065040650406504,0.0,0.016885553470919357,0.0017482517482517723
Elf5(+),0.0,0.009740259740259716,0.05882352941176472,0.0,0.002320185614849146,0.002865329512893977,0.0,0.008064516129032251,0.0,0.017857142857142905,0.0,0.014925373134328401,1.0,0.0,0.0,0.005181347150259086,0.0,0.021126760563380254,0.0,0.0,0.0,0.0,0.027272727272727226,0.008000000000000007,0.0,0.0,0.0,0.0,0.0,0.0,0.0,0.009661835748792313,0.0,0.08108108108108103,0.0,0.006369426751592355,0.0,0.0,0.016949152542372836,0.0,0.09090909090909094,0.021505376344086002,0.0,0.0,0.0020366598778004397,0.0019157088122605526
Ets1(+),0.0,0.0,0.0,0.07462686567164178,0.02515723270440251,0.004938271604938316,0.0,0.0,0.07386363636363635,0.008849557522123908,0.0,0.0,0.0,1.0,0.046511627906976716,0.10087719298245612,0.03703703703703709,0.015075376884422065,0.015503875968992276,0.0,0.07954545454545459,0.06470588235294117,0.0,0.03389830508474578,0.3417721518987342,0.08333333333333337,0.0,0.013452914798206317,0.06060606060606055,0.0,0.0,0.011406844106463865,0.010582010582010581,0.0,0.0,0.0,0.0,0.13496932515337423,0.005681818181818232,0.003215434083601254,0.0,0.020134228187919434,0.023346303501945553,0.19736842105263153,0.01666666666666672,0.01754385964912286
Ezh2(+),0.0,0.014634146341463428,0.0,0.0,0.1049382716049383,0.041189931350114395,0.0,0.0,0.03493449781659386,0.006211180124223614,0.01449275362318836,0.011695906432748537,0.0,0.046511627906976716,1.0,0.027491408934707917,0.007633587786259555,0.024590163934426257,0.06547619047619047,0.008000000000000007,0.06730769230769229,0.09444444444444444,0.0,0.013157894736842146,0.019867549668874163,0.03139013452914796,0.005617977528089901,0.014814814814814836,0.021739130434782594,0.0,0.026200873362445365,0.01948051948051943,0.030172413793103425,0.0,0.01098901098901095,0.019379844961240345,0.0,0.04484304932735428,0.013513513513513487,0.10769230769230764,0.0,0.04712041884816753,0.03322259136212624,0.014598540145985384,0.09541284403669725,0.13153153153153152
Fosb(+),0.02604166666666663,0.2782152230971129,0.0,0.010582010582010581,0.023569023569023573,0.10041841004184104,0.014423076923076872,0.31441048034934493,0.013157894736842146,0.1421568627450981,0.009569377990430672,0.03389830508474578,0.005181347150259086,0.10087719298245612,0.027491408934707917,1.0,0.004950495049504955,0.0456026058631922,0.004016064257028162,0.005102040816326481,0.1952662721893491,0.05920000000000003,0.20920502092050208,0.09818181818181815,0.10837438423645318,0.14885496183206104,0.07296137339055797,0.02985074626865669,0.019685039370078705,0.0,0.00990099009900991,0.03217158176943702,0.013071895424836555,0.0046511627906976605,0.0,0.018292682926829285,0.005319148936170248,0.027027027027026973,0.08029197080291972,0.03605769230769229,0.004484304932735439,0.02264150943396226,0.024128686327077764,0.055276381909547756,0.047021943573667735,0.03402366863905326
Foxq1(+),0.0,0.0031347962382445305,0.0,0.09090909090909094,0.002272727272727315,0.0,0.0,0.0,0.0,0.0,0.0,0.06944444444444442,0.0,0.03703703703703709,0.007633587786259555,0.004950495049504955,1.0,0.019867549668874163,0.0,0.0,0.012820512820512775,0.0,0.0,0.0,0.07407407407407407,0.007518796992481258,0.0,0.005649717514124242,0.0,0.0,0.022058823529411797,0.0092592592592593,0.007042253521126751,0.11363636363636365,0.011494252873563204,0.012121212121212088,0.0,0.007352941176470562,0.0078125,0.0,0.21276595744680848,0.061224489795918324,0.0,0.07499999999999996,0.0020000000000000018,0.0
Gata6(+),0.013698630136986356,0.04784688995215314,0.028368794326241176,0.0,0.07293666026871404,0.07191011235955058,0.031847133757961776,0.02857142857142858,0.12608695652173918,0.06976744186046513,0.012499999999999956,0.10169491525423724,0.021126760563380254,0.015075376884422065,0.024590163934426257,0.0456026058631922,0.019867549668874163,1.0,0.13559322033898302,0.013698630136986356,0.050295857988165715,0.06980802792321117,0.048034934497816595,0.14479638009049778,0.011494252873563204,0.2292682926829268,0.02030456852791873,0.39622641509433965,0.06060606060606055,0.021739130434782594,0.21226415094339623,0.32806324110671936,0.16000000000000003,0.030864197530864224,0.08994708994709,0.23913043478260865,0.0,0.04938271604938271,0.31382978723404253,0.05817174515235457,0.054216867469879526,0.2065217391304348,0.22878228782287824,0.006249999999999978,0.1275045537340619,0.05519480519480524
H1fx(+),0.0,0.025139664804469275,0.013698630136986356,0.0,0.03609341825902335,0.0330788804071247,0.022471910112359605,0.005555555555555536,0.1393939393939394,0.03669724770642202,0.0,0.024793388429752095,0.0,0.015503875968992276,0.06547619047619047,0.004016064257028162,0.0,0.13559322033898302,1.0,0.026666666666666616,0.014285714285714235,0.0323809523809524,0.043209876543209846,0.07058823529411762,0.009615384615384581,0.10365853658536583,0.015625,0.1842105263157895,0.045112781954887216,0.0,0.14814814814814814,0.19909502262443435,0.13772455089820357,0.0,0.06299212598425197,0.21590909090909094,0.0,0.045454545454545414,0.13548387096774195,0.03322259136212624,0.0,0.1021897810218978,0.10548523206751059,0.011235955056179803,0.0766208251473477,0.028419182948490218
Hes1(+),0.0,0.012903225806451646,0.050000000000000044,0.0,0.011627906976744207,0.011461318051575908,0.027027027027026973,0.0,0.046511627906976716,0.0,0.0,0.0,0.0,0.0,0.008000000000000007,0.005102040816326481,0.0,0.013698630136986356,0.026666666666666616,1.0,0.017621145374449365,0.023012552301255207,0.0,0.015748031496062964,0.0,0.0,0.0,0.005847953216374324,0.07499999999999996,0.0,0.0,0.0,0.007352941176470562,0.0,0.0,0.0,0.0,0.06504065040650409,0.0,0.0078125,0.0,0.0,0.029556650246305383,0.0,0.012269938650306789,0.005736137667303964
Irf7(+),0.02212389380530977,0.2769607843137255,0.0,0.004464285714285698,0.05766062602965405,0.21212121212121215,0.004098360655737654,0.08414239482200647,0.030120481927710885,0.04296875,0.004098360655737654,0.02583025830258301,0.0,0.07954545454545459,0.06730769230769229,0.1952662721893491,0.012820512820512775,0.050295857988165715,0.014285714285714235,0.017621145374449365,1.0,0.2146596858638743,0.0286624203821656,0.12374581939799334,0.06584362139917699,0.07717041800643087,0.1544715447154471,0.0440771349862259,0.06545454545454543,0.013574660633484115,0.017964071856287456,0.03201970443349755,0.042424242424242475,0.0,0.006968641114982632,0.022222222222222254,0.009049773755656076,0.036809815950920255,0.04761904761904767,0.059225512528473856,0.0078125,0.030405405405405372,0.10344827586206895,0.03389830508474578,0.1286173633440515,0.08431952662721898
Irf8(+),0.010330578512396715,0.22870662460567825,0.0,0.0020746887966804906,0.3846153846153846,0.3610648918469218,0.008016032064128265,0.034904013961605584,0.14722753346080308,0.011560693641618491,0.014112903225806495,0.013232514177693777,0.0,0.06470588235294117,0.09444444444444444,0.05920000000000003,0.0,0.06980802792321117,0.0323809523809524,0.023012552301255207,0.2146596858638743,1.0,0.00519031141868509,0.09392265193370164,0.015717092337917515,0.04035087719298247,0.08399999999999996,0.07601351351351349,0.14553014553014554,0.010482180293501009,0.04181184668989546,0.04475308641975306,0.0905797101449275,0.005940594059405946,0.05192307692307696,0.03130148270181221,0.0041753653444676075,0.19919517102615691,0.048128342245989275,0.26178010471204194,0.001941747572815511,0.036832412523020275,0.21660649819494582,0.010060362173038184,0.28859060402684567,0.37830319888734354
Jdp2(+),0.0,0.1941176470588235,0.008928571428571397,0.0,0.013461538461538414,0.03488372093023251,0.015625,0.41025641025641024,0.013392857142857095,0.16923076923076918,0.023622047244094446,0.0,0.027272727272727226,0.0,0.0,0.20920502092050208,0.0,0.048034934497816595,0.043209876543209846,0.0,0.0286624203821656,0.00519031141868509,1.0,0.018433179723502335,0.0,0.00917431192660545,0.005952380952380931,0.04761904761904767,0.005649717514124242,0.0,0.013513513513513487,0.06293706293706292,0.026905829596412523,0.038461538461538436,0.01754385964912286,0.045454545454545414,0.009345794392523366,0.0045045045045044585,0.11979166666666663,0.023391812865497075,0.036231884057971064,0.016042780748663055,0.013468013468013518,0.0,0.028021015761821366,0.02148760330578514
Klf4(+),0.04878048780487809,0.10846560846560849,0.008000000000000007,0.008196721311475419,0.06719367588932801,0.11435523114355228,0.02877697841726623,0.03555555555555556,0.07623318385650224,0.044303797468354444,0.007042253521126751,0.053892215568862256,0.008000000000000007,0.03389830508474578,0.013157894736842146,0.09818181818181815,0.0,0.14479638009049778,0.07058823529411762,0.015748031496062964,0.12374581939799334,0.09392265193370164,0.018433179723502335,1.0,0.01948051948051943,0.1421568627450981,0.05813953488372092,0.14462809917355368,0.09142857142857141,0.0,0.09677419354838712,0.13214285714285712,0.11009174311926606,0.0,0.03314917127071826,0.10373443983402486,0.008333333333333304,0.06306306306306309,0.09615384615384615,0.07396449704142016,0.006451612903225823,0.07978723404255317,0.14181818181818184,0.021582733812949617,0.13851992409867175,0.062289562289562284
Lef1(+),0.0,0.0029325513196480912,0.0,0.09523809523809523,0.008714596949891074,0.0,0.03125,0.006451612903225823,0.012422360248447228,0.0,0.0,0.0,0.0,0.3417721518987342,0.019867549668874163,0.10837438423645318,0.07407407407407407,0.011494252873563204,0.009615384615384581,0.0,0.06584362139917699,0.015717092337917515,0.0,0.01948051948051943,1.0,0.07586206896551728,0.0,0.015228426395939132,0.008849557522123908,0.0,0.006249999999999978,0.016949152542372836,0.012269938650306789,0.0,0.0,0.005319148936170248,0.0,0.046052631578947345,0.01342281879194629,0.0,0.012820512820512775,0.016129032258064502,0.0,0.30000000000000004,0.009652509652509633,0.0072727272727273196
Maf(+),0.049180327868852514,0.052896725440806036,0.008064516129032251,0.03389830508474578,0.03256704980842917,0.04816513761467889,0.02898550724637683,0.008695652173912993,0.07657657657657657,0.04458598726114649,0.007092198581560294,0.054216867469879526,0.0,0.08333333333333337,0.03139013452914796,0.14885496183206104,0.007518796992481258,0.2292682926829268,0.10365853658536583,0.0,0.07717041800643087,0.04035087719298247,0.00917431192660545,0.1421568627450981,0.07586206896551728,1.0,0.06470588235294117,0.19999999999999996,0.04395604395604391,0.0,0.12857142857142856,0.14492753623188404,0.11059907834101379,0.006849315068493178,0.03910614525139666,0.10878661087866104,0.0,0.026200873362445365,0.17616580310880825,0.02840909090909094,0.0,0.09782608695652173,0.1592592592592592,0.052238805970149294,0.08318264014466548,0.032786885245901676
Mafb(+),0.026666666666666616,0.19543973941368076,0.013698630136986356,0.0,0.025210084033613467,0.15340909090909094,0.0,0.04022988505747127,0.010752688172043001,0.008928571428571397,0.0,0.033333333333333326,0.0,0.0,0.005617977528089901,0.07296137339055797,0.0,0.02030456852791873,0.015625,0.0,0.1544715447154471,0.08399999999999996,0.005952380952380931,0.05813953488372092,0.0,0.06470588235294117,1.0,0.03686635944700456,0.0859375,0.0,0.0,0.01532567049808431,0.04395604395604391,0.0,0.015037593984962405,0.014218009478673022,0.014705882352941124,0.022222222222222254,0.023255813953488413,0.043624161073825496,0.0,0.00666666666666671,0.06938775510204087,0.0,0.05384615384615388,0.043243243243243246
Mecom(+),0.0117647058823529,0.0547945205479452,0.005952380952380931,0.0,0.07564575645756455,0.07741935483870965,0.03910614525139666,0.01845018450184499,0.16942148760330578,0.045226130653266305,0.00540540540540535,0.10606060606060608,0.0,0.013452914798206317,0.014814814814814836,0.02985074626865669,0.005649717514124242,0.39622641509433965,0.1842105263157895,0.005847953216374324,0.0440771349862259,0.07601351351351349,0.04761904761904767,0.14462809917355368,0.015228426395939132,0.19999999999999996,0.03686635944700456,1.0,0.04932735426008972,0.01851851851851849,0.2714932126696833,0.40077821011673154,0.16803278688524592,0.021390374331550777,0.09004739336492895,0.2875,0.0,0.04104477611940294,0.28436018957345977,0.05729166666666663,0.02051282051282055,0.13364055299539168,0.2704626334519573,0.010928961748633892,0.14821428571428574,0.06141732283464563
Mef2c(+),0.023809523809523836,0.07122507122507127,0.0,0.0,0.07112068965517238,0.07512953367875652,0.010101010101010055,0.027027027027026973,0.34931506849315064,0.01666666666666672,0.010101010101010055,0.023076923076923106,0.0,0.06060606060606055,0.021739130434782594,0.019685039370078705,0.0,0.06060606060606055,0.045112781954887216,0.07499999999999996,0.06545454545454543,0.14553014553014554,0.005649717514124242,0.09142857142857141,0.008849557522123908,0.04395604395604391,0.0859375,0.04932735426008972,1.0,0.012820512820512775,0.015625,0.03007518796992481,0.031088082901554404,0.0,0.006993006993006978,0.013636363636363669,0.012987012987012991,0.38848920863309355,0.02209944751381221,0.02564102564102566,0.0,0.019108280254777066,0.2374429223744292,0.010204081632653073,0.04307116104868913,0.02977232924693518
Mycl(+),0.0,0.0032679738562091387,0.0,0.0,0.0023419203747072626,0.005813953488372103,0.033333333333333326,0.0,0.007874015748031482,0.0,0.0,0.032258064516129004,0.0,0.0,0.0,0.0,0.0,0.021739130434782594,0.0,0.0,0.013574660633484115,0.010482180293501009,0.0,0.0,0.0,0.0,0.0,0.01851851851851849,0.012820512820512775,1.0,0.0,0.004901960784313708,0.0,0.0,0.0,0.006535947712418277,0.0,0.008130081300813052,0.008695652173912993,0.0,0.0,0.022471910112359605,0.02020202020202022,0.0,0.0,0.0
Nfia(+),0.007575757575757569,0.029197080291970767,0.031746031746031744,0.0,0.06666666666666665,0.04288939051918739,0.027972027972028024,0.004237288135593209,0.10909090909090913,0.024242424242424288,0.02083333333333337,0.02857142857142858,0.0,0.0,0.026200873362445365,0.00990099009900991,0.022058823529411797,0.21226415094339623,0.14814814814814814,0.0,0.017964071856287456,0.04181184668989546,0.013513513513513487,0.09677419354838712,0.006249999999999978,0.12857142857142856,0.0,0.2714932126696833,0.015625,0.0,1.0,0.2943548387096774,0.14953271028037385,0.0,0.06703910614525144,0.30434782608695654,0.0,0.012658227848101222,0.2146596858638743,0.0485714285714286,0.032258064516129004,0.15642458100558654,0.15636363636363637,0.006896551724137945,0.12897196261682242,0.06365159128978226
Nfib(+),0.014354066985645897,0.04583333333333328,0.014563106796116498,0.0,0.07228915662650603,0.05870841487279843,0.051162790697674376,0.01935483870967747,0.14539007092198586,0.05084745762711862,0.008928571428571397,0.04858299595141702,0.009661835748792313,0.011406844106463865,0.01948051948051943,0.03217158176943702,0.0092592592592593,0.32806324110671936,0.19909502262443435,0.0,0.03201970443349755,0.04475308641975306,0.06293706293706292,0.13214285714285712,0.016949152542372836,0.14492753623188404,0.01532567049808431,0.40077821011673154,0.03007518796992481,0.004901960784313708,0.2943548387096774,1.0,0.22180451127819545,0.013157894736842146,0.09311740890688258,0.41295546558704455,0.0,0.032362459546925515,0.279835390946502,0.03962703962703962,0.025751072961373356,0.18181818181818177,0.22530864197530864,0.013513513513513487,0.19405594405594406,0.05777777777777782
Nfix(+),0.007352941176470562,0.062189054726368154,0.007518796992481258,0.007692307692307665,0.11836734693877549,0.10952380952380958,0.020270270270270285,0.004166666666666652,0.06437768240343344,0.029761904761904767,0.020270270270270285,0.016574585635359074,0.0,0.010582010582010581,0.030172413793103425,0.013071895424836555,0.007042253521126751,0.16000000000000003,0.13772455089820357,0.007352941176470562,0.042424242424242475,0.0905797101449275,0.026905829596412523,0.11009174311926606,0.012269938650306789,0.11059907834101379,0.04395604395604391,0.16803278688524592,0.031088082901554404,0.0,0.14953271028037385,0.22180451127819545,1.0,0.0,0.07734806629834257,0.23981900452488691,0.0,0.03389830508474578,0.11848341232227488,0.12084592145015105,0.0,0.1467391304347826,0.14590747330960852,0.013513513513513487,0.17148362235067438,0.09982788296041312
Nkx2-1(+),0.0,0.009090909090909038,0.0,0.0,0.008888888888888835,0.008130081300813052,0.017857142857142905,0.01379310344827589,0.0,0.012820512820512775,0.0,0.1842105263157895,0.08108108108108103,0.0,0.0,0.0046511627906976605,0.11363636363636365,0.030864197530864224,0.0,0.0,0.0,0.005940594059405946,0.038461538461538436,0.0,0.0,0.006849315068493178,0.0,0.021390374331550777,0.0,0.0,0.0,0.013157894736842146,0.0,1.0,0.05208333333333337,0.005586592178770999,0.0,0.0,0.014285714285714235,0.0,0.34615384615384615,0.0636363636363636,0.0,0.0,0.005870841487279899,0.005535055350553542
Nr1h3(+),0.0,0.016393442622950838,0.012820512820512775,0.0,0.06479481641468687,0.05927835051546393,0.032258064516129004,0.016393442622950838,0.037634408602150504,0.02608695652173909,0.021276595744680882,0.0078125,0.0,0.0,0.01098901098901095,0.0,0.011494252873563204,0.08994708994709,0.06299212598425197,0.0,0.006968641114982632,0.05192307692307696,0.01754385964912286,0.03314917127071826,0.0,0.03910614525139666,0.015037593984962405,0.09004739336492895,0.006993006993006978,0.0,0.06703910614525144,0.09311740890688258,0.07734806629834257,0.05208333333333337,1.0,0.0788177339901478,0.0,0.005319148936170248,0.07738095238095233,0.06756756756756754,0.0092592592592593,0.11428571428571432,0.06374501992031878,0.0,0.07797270955165692,0.06181818181818177
Nr2f2(+),0.0,0.029680365296803624,0.01935483870967747,0.0,0.040000000000000036,0.03375527426160341,0.02941176470588236,0.0076045627376425395,0.10569105691056913,0.0478723404255319,0.005747126436781658,0.02970297029702973,0.006369426751592355,0.0,0.019379844961240345,0.018292682926829285,0.012121212121212088,0.23913043478260865,0.21590909090909094,0.0,0.022222222222222254,0.03130148270181221,0.045454545454545414,0.10373443983402486,0.005319148936170248,0.10878661087866104,0.014218009478673022,0.2875,0.013636363636363669,0.006535947712418277,0.30434782608695654,0.41295546558704455,0.23981900452488691,0.005586592178770999,0.0788177339901478,1.0,0.0,0.01132075471698113,0.18721461187214616,0.015424164524421635,0.010752688172043001,0.19897959183673475,0.164983164983165,0.011627906976744207,0.1575091575091575,0.04081632653061229
Nr4a1(+),0.0,0.00990099009900991,0.0,0.0,0.0,0.00877192982456143,0.0,0.02564102564102566,0.007936507936507908,0.019607843137254943,0.0,0.0,0.0,0.0,0.0,0.005319148936170248,0.0,0.0,0.0,0.0,0.009049773755656076,0.0041753653444676075,0.009345794392523366,0.008333333333333304,0.0,0.0,0.014705882352941124,0.0,0.012987012987012991,0.0,0.0,0.0,0.0,0.0,0.0,0.0,1.0,0.008196721311475419,0.0,0.004016064257028162,0.0,0.0,0.0050000000000000044,0.0,0.002057613168724326,0.0019342359767892114
Pax5(+),0.007692307692307665,0.04207920792079212,0.0,0.008064516129032251,0.10838445807770958,0.040723981900452455,0.013986013986013957,0.030701754385964897,0.40697674418604646,0.012121212121212088,0.013986013986013957,0.011363636363636354,0.0,0.13496932515337423,0.04484304932735428,0.027027027027026973,0.007352941176470562,0.04938271604938271,0.045454545454545414,0.06504065040650409,0.036809815950920255,0.19919517102615691,0.0045045045045044585,0.06306306306306309,0.046052631578947345,0.026200873362445365,0.022222222222222254,0.04104477611940294,0.38848920863309355,0.008130081300813052,0.012658227848101222,0.032362459546925515,0.03389830508474578,0.0,0.005319148936170248,0.01132075471698113,0.008196721311475419,1.0,0.022222222222222254,0.048850574712643646,0.006369426751592355,0.025000000000000022,0.22480620155038755,0.021276595744680882,0.05061082024432806,0.04975124378109452
Pbx1(+),0.016528925619834656,0.08970976253298157,0.016949152542372836,0.0,0.051181102362204745,0.06352941176470583,0.04580152671755722,0.11274509803921573,0.09859154929577463,0.11188811188811187,0.014814814814814836,0.03658536585365857,0.016949152542372836,0.005681818181818232,0.013513513513513487,0.08029197080291972,0.0078125,0.31382978723404253,0.13548387096774195,0.0,0.04761904761904767,0.048128342245989275,0.11979166666666663,0.09615384615384615,0.01342281879194629,0.17616580310880825,0.023255813953488413,0.28436018957345977,0.02209944751381221,0.008695652173912993,0.2146596858638743,0.279835390946502,0.11848341232227488,0.014285714285714235,0.07738095238095233,0.18721461187214616,0.0,0.022222222222222254,1.0,0.04081632653061229,0.0,0.11931818181818177,0.1937984496124031,0.014925373134328401,0.09191176470588236,0.04340567612687818
Pparg(+),0.0,0.12989690721649483,0.0,0.0,0.38796680497925307,0.29580573951434874,0.0036900369003689537,0.05232558139534882,0.027855153203342642,0.0034129692832765013,0.030303030303030276,0.003289473684210509,0.0,0.003215434083601254,0.10769230769230764,0.03605769230769229,0.0,0.05817174515235457,0.03322259136212624,0.0078125,0.059225512528473856,0.26178010471204194,0.023391812865497075,0.07396449704142016,0.0,0.02840909090909094,0.043624161073825496,0.05729166666666663,0.02564102564102566,0.0,0.0485714285714286,0.03962703962703962,0.12084592145015105,0.0,0.06756756756756754,0.015424164524421635,0.004016064257028162,0.048850574712643646,0.04081632653061229,1.0,0.0,0.015290519877675823,0.07524271844660191,0.0037037037037036535,0.32545454545454544,0.42056074766355145
Sox2(+),0.0,0.011869436201780381,0.021276595744680882,0.0,0.008733624454148492,0.007957559681697646,0.031746031746031744,0.0,0.0,0.011627906976744207,0.0,0.2098765432098766,0.09090909090909094,0.0,0.0,0.004484304932735439,0.21276595744680848,0.054216867469879526,0.0,0.0,0.0078125,0.001941747572815511,0.036231884057971064,0.006451612903225823,0.012820512820512775,0.0,0.0,0.02051282051282055,0.0,0.0,0.032258064516129004,0.025751072961373356,0.0,0.34615384615384615,0.0092592592592593,0.010752688172043001,0.0,0.006369426751592355,0.0,0.0,1.0,0.0964912280701754,0.0,0.015873015873015928,0.007722007722007707,0.00545454545454549
Sox4(+),0.010309278350515427,0.01305483028720622,0.021505376344086002,0.01098901098901095,0.030364372469635637,0.021531100478468845,0.04672897196261683,0.00497512437810943,0.060913705583756306,0.046875,0.0,0.050724637681159424,0.021505376344086002,0.020134228187919434,0.04712041884816753,0.02264150943396226,0.061224489795918324,0.2065217391304348,0.1021897810218978,0.0,0.030405405405405372,0.036832412523020275,0.016042780748663055,0.07978723404255317,0.016129032258064502,0.09782608695652173,0.00666666666666671,0.13364055299539168,0.019108280254777066,0.022471910112359605,0.15642458100558654,0.18181818181818177,0.1467391304347826,0.0636363636363636,0.11428571428571432,0.19897959183673475,0.0,0.025000000000000022,0.11931818181818177,0.015290519877675823,0.0964912280701754,1.0,0.11417322834645671,0.02777777777777779,0.06954887218045114,0.02564102564102566
Tcf4(+),0.014563106796116498,0.10154525386313462,0.0,0.0,0.1355311355311355,0.11850311850311845,0.04205607476635509,0.022875816993464082,0.2549019607843137,0.03375527426160341,0.013636363636363669,0.04065040650406504,0.0,0.023346303501945553,0.03322259136212624,0.024128686327077764,0.0,0.22878228782287824,0.10548523206751059,0.029556650246305383,0.10344827586206895,0.21660649819494582,0.013468013468013518,0.14181818181818184,0.0,0.1592592592592592,0.06938775510204087,0.2704626334519573,0.2374429223744292,0.02020202020202022,0.15636363636363637,0.22530864197530864,0.14590747330960852,0.0,0.06374501992031878,0.164983164983165,0.0050000000000000044,0.22480620155038755,0.1937984496124031,0.07524271844660191,0.0,0.11417322834645671,1.0,0.004524886877828038,0.17850953206239173,0.07727272727272727
Tcf7(+),0.0,0.0030674846625766694,0.0,0.1923076923076923,0.0022371364653244186,0.002739726027397249,0.020000000000000018,0.0,0.006802721088435382,0.0,0.0,0.0,0.0,0.19736842105263153,0.014598540145985384,0.055276381909547756,0.07499999999999996,0.006249999999999978,0.011235955056179803,0.0,0.03389830508474578,0.010060362173038184,0.0,0.021582733812949617,0.30000000000000004,0.052238805970149294,0.0,0.010928961748633892,0.010204081632653073,0.0,0.006896551724137945,0.013513513513513487,0.013513513513513487,0.0,0.0,0.011627906976744207,0.0,0.021276595744680882,0.014925373134328401,0.0037037037037036535,0.015873015873015928,0.02777777777777779,0.004524886877828038,1.0,0.0039525691699604515,0.003724394785847296
Tcf7l2(+),0.012269938650306789,0.18401206636500755,0.008196721311475419,0.002049180327868827,0.3853211009174312,0.36423841059602646,0.009920634920634885,0.04903677758318736,0.0802139037433155,0.02115384615384619,0.02208835341365467,0.016885553470919357,0.0020366598778004397,0.01666666666666672,0.09541284403669725,0.047021943573667735,0.0020000000000000018,0.1275045537340619,0.0766208251473477,0.012269938650306789,0.1286173633440515,0.28859060402684567,0.028021015761821366,0.13851992409867175,0.009652509652509633,0.08318264014466548,0.05384615384615388,0.14821428571428574,0.04307116104868913,0.0,0.12897196261682242,0.19405594405594406,0.17148362235067438,0.005870841487279899,0.07797270955165692,0.1575091575091575,0.002057613168724326,0.05061082024432806,0.09191176470588236,0.32545454545454544,0.007722007722007707,0.06954887218045114,0.17850953206239173,0.0039525691699604515,1.0,0.4554744525547445
Tfec(+),0.007662835249042099,0.15091678420310295,0.0038387715930902067,0.0019267822736031004,0.5590682196339434,0.3857374392220422,0.005586592178770999,0.04132231404958675,0.03409090909090906,0.0035714285714285587,0.0325047801147228,0.0017482517482517723,0.0019157088122605526,0.01754385964912286,0.13153153153153152,0.03402366863905326,0.0,0.05519480519480524,0.028419182948490218,0.005736137667303964,0.08431952662721898,0.37830319888734354,0.02148760330578514,0.062289562289562284,0.0072727272727273196,0.032786885245901676,0.043243243243243246,0.06141732283464563,0.02977232924693518,0.0,0.06365159128978226,0.05777777777777782,0.09982788296041312,0.005535055350553542,0.06181818181818177,0.04081632653061229,0.0019342359767892114,0.04975124378109452,0.04340567612687818,0.42056074766355145,0.00545454545454549,0.02564102564102566,0.07727272727272727,0.003724394785847296,0.4554744525547445,1.0
